2
250 4041
1
400 4078
1
550 3927
2
700 3937
2
850 4082
2
1000 3982
1
1150 3958
1
1300 4000
1
1450 3923
2
1600 3920
2
1750 4046
1
1900 3972
2
2050 4042
2
2200 3973
2
2350 3954
1
2500 4030
2
2650 4056
1
2800 4076
2
2950 3997
1
3100 3914
2
3250 4046
2
3400 4073
2
3550 3911
2
250 3322
2
400 3703
2
550 3387
2
700 3394
1
850 3775
1
1000 3705
2
1150 3259
1
1300 3562
1
1450 3718
1
1600 3758
2
1750 3366
1
1900 3546
1
2050 3201
2
2200 3555
2
2350 3463
1
2500 3732
1
2650 3423
1
2800 3438
1
2950 3209
1
3100 3449
1
3250 3748
1
3400 3395
2
3550 3528
1
250 3073
1
400 2851
2
550 2746
1
700 2536
2
850 2587
1
1000 3034
1
1150 3015
1
1300 2804
2
1450 3014
2
1600 2926
1
1750 2900
1
1900 2983
1
2050 2986
1
2200 2541
2
2350 2924
2
2500 2943
1
2650 2795
2
2800 2967
2
2950 2981
2
3100 3005
2
3250 2928
2
3400 2834
1
3550 3200
1
3550 2600
1
3550 2889
2
250 2140
2
400 2160
2
550 1841
1
700 1968
1
850 2161
2
1000 2215
2
1150 2092
2
1300 1831
1
1450 2076
1
1600 2093
1
1750 2074
1
1900 2376
2
2050 2371
1
2200 1989
2
2350 1951
1
2500 2032
2
2650 2050
1
2800 2095
1
2950 2225
1
3100 2283
2
3250 1994
2
3400 1821
1
3550 2307
1
250 1192
1
400 1415
1
550 1515
2
700 1344
1
850 1699
2
1000 1665
1
1150 1444
2
1300 1295
2
1450 1402
1
1600 1307
2
1750 1269
2
1900 1378
1
2050 1167
1
2200 1420
1
2350 1514
2
2500 1231
1
2650 1235
2
2800 1344
1
2950 1405
2
3100 1295
1
3250 1399
1
3400 1125
2
3550 1455
2
4380 4075
1
4500 3930
1
4650 3974
2
4800 3952
1
4950 4095
1
5100 3901
1
4380 3488
2
4500 3275
2
4650 3413
2
4800 3450
2
4950 3578
2
5100 3753
1
4380 2817
2
4500 2721
1
4650 2946
1
4800 2675
1
4950 2797
2
5100 2585
1
4380 1956
1
4500 2004
1
4650 1837
1
4800 2205
1
4950 2031
2
5100 2210
2
4380 1619
1
4500 1165
1
4650 1501
2
4800 1420
1
4950 1324
2
5100 1664
